dglcalls141231
'Totalcalls', '20141231'     :     30733, 16674, 11180, 11646, 20555, 41399, 107796, 229076, 371758, 473415, 520144, 535118, 535729, 501990, 464414, 457103, 468865, 504289, 564459, 515596, 450199, 404310, 368099, 365156
'8-TELEFONICA GUATEMALA', '11-SERCOM PCS DIGITAL'     :     4450, 2405, 1628, 1564, 2758, 5219, 14128, 31767, 54662, 72565, 82885, 86087, 86179, 80926, 74131, 73362, 74981, 82155, 92598, 85425, 75444, 67611, 62385, 60678
'8-TELEFONICA GUATEMALA', '8-TELEFONICA GUATEMALA'     :     19761, 10399, 6713, 6748, 11696, 23978, 61189, 124892, 196238, 244071, 264437, 272964, 278585, 263289, 243678, 240087, 247311, 265377, 298146, 274551, 240462, 217930, 200416, 202646
'8-TELEFONICA GUATEMALA', '9-COMCEL'     :     5627, 3354, 2507, 2963, 5388, 10671, 28258, 61980, 99818, 127466, 139627, 142390, 139389, 130265, 122527, 121060, 124378, 132973, 148902, 134353, 117009, 104192, 92937, 90385
'8-TELEFONICA GUATEMALA', '5-TELGUA S.A.'     :     801, 480, 303, 342, 673, 1425, 3940, 9719, 19728, 27572, 31225, 31557, 29562, 25792, 22536, 21100, 20786, 22365, 23366, 19999, 16147, 13539, 11492, 10546
'8-TELEFONICA GUATEMALA', '13-CYBERNET'     :     15, 2, 2, 0, 2, 2, 8, 41, 62, 90, 77, 97, 104, 98, 132, 129, 163, 189, 198, 223, 234, 257, 257, 278
'8-TELEFONICA GUATEMALA', '7-CABLENET S.A.'     :     72, 31, 26, 28, 36, 99, 259, 629, 1128, 1500, 1742, 1829, 1759, 1435, 1241, 1205, 1097, 1068, 1041, 845, 710, 575, 434, 422
'8-TELEFONICA GUATEMALA', '35-OPERADOR NO DEFINIDO'     :     2, 0, 0, 0, 0, 0, 1, 6, 14, 18, 27, 18, 29, 18, 24, 22, 27, 28, 46, 49, 53, 81, 47, 74
'8-TELEFONICA GUATEMALA', '30-TTELNORTE S.A.'     :     2, 1, 0, 0, 0, 1, 1, 2, 13, 21, 27, 27, 16, 19, 22, 13, 18, 18, 11, 20, 8, 7, 15, 13
'8-TELEFONICA GUATEMALA', '22-UNITEL S.A.'     :     3, 0, 0, 0, 0, 0, 0, 4, 5, 7, 9, 8, 3, 5, 7, 5, 7, 15, 15, 22, 17, 14, 23, 11
'8-TELEFONICA GUATEMALA', '12-ATEL'     :     0, 2, 1, 1, 1, 3, 8, 28, 69, 78, 60, 88, 75, 117, 87, 58, 66, 54, 84, 50, 57, 54, 35, 30
'8-TELEFONICA GUATEMALA', '19-GUATEL'     :     0, 0, 0, 0, 1, 1, 3, 5, 13, 18, 17, 28, 15, 20, 18, 35, 18, 31, 34, 36, 25, 28, 31, 54
'8-TELEFONICA GUATEMALA', '34-TTISA'     :     0, 0, 0, 0, 0, 0, 1, 0, 3, 2, 4, 3, 3, 3, 1, 6, 2, 3, 2, 4, 4, 5, 5, 3
'8-TELEFONICA GUATEMALA', '26-BNA S.A.'     :     0, 0, 0, 0, 0, 0, 0, 2, 2, 2, 4, 11, 6, 2, 4, 6, 4, 5, 7, 8, 16, 4, 11, 7
'8-TELEFONICA GUATEMALA', '33-OPTEL'     :     0, 0, 0, 0, 0, 0, 0, 1, 2, 3, 3, 5, 2, 1, 2, 7, 5, 3, 6, 7, 4, 7, 6, 4
'8-TELEFONICA GUATEMALA', '87-A T & T - LOCAL'     :     0, 0, 0, 0, 0, 0, 0, 0, 1, 2, 0, 4, 1, 0, 3, 6, 2, 3, 2, 2, 7, 5, 2, 4
'8-TELEFONICA GUATEMALA', '31-DESARROLLO'     :     0, 0, 0, 0, 0, 0, 0, 0, 0, 0, 0, 2, 1, 0, 1, 2, 0, 2, 1, 1, 2, 1, 3, 1
'8-TELEFONICA GUATEMALA', '10-AMERICATEL'     :     0, 0, 0, 0, 0, 0, 0, 0, 0, 0, 0, 0, 0, 0, 0, 0, 0, 0, 0, 1, 0, 0, 0, 0

dglcalls141224
'Totalcalls', '20141224'     :     38036, 19460, 12590, 13531, 24937, 52753, 142401, 288269, 430352, 516810, 553499, 557012, 556413, 520683, 482596, 476474, 485693, 530730, 594354, 543466, 487730, 449533, 411689, 395527
'8-TELEFONICA GUATEMALA', '11-SERCOM PCS DIGITAL'     :     5302, 2736, 1835, 1814, 3243, 6461, 18440, 40603, 63700, 78475, 86356, 87858, 88988, 82944, 76196, 75708, 76886, 84275, 96986, 88929, 81342, 74950, 68860, 66695
'8-TELEFONICA GUATEMALA', '9-COMCEL'     :     6954, 3875, 2662, 3410, 6535, 13603, 37309, 78422, 115888, 138619, 148961, 148846, 144978, 134732, 125461, 125790, 129010, 138619, 158049, 143216, 127272, 115582, 103913, 98966
'8-TELEFONICA GUATEMALA', '8-TELEFONICA GUATEMALA'     :     24561, 12202, 7699, 7918, 14333, 30782, 80862, 155345, 224937, 265938, 282335, 284927, 289955, 274453, 255855, 251015, 256506, 282771, 312800, 288270, 259810, 242565, 224911, 217140
'8-TELEFONICA GUATEMALA', '5-TELGUA S.A.'     :     1129, 599, 351, 364, 783, 1777, 5362, 12948, 24223, 31795, 33637, 33179, 30395, 26687, 23379, 22401, 21799, 23450, 24848, 21633, 18043, 15261, 13049, 11842
'8-TELEFONICA GUATEMALA', '7-CABLENET S.A.'     :     78, 44, 35, 22, 38, 120, 371, 831, 1374, 1712, 1873, 1883, 1818, 1577, 1383, 1221, 1178, 1247, 1199, 938, 792, 645, 452, 402
'8-TELEFONICA GUATEMALA', '13-CYBERNET'     :     8, 3, 3, 1, 2, 3, 15, 42, 75, 102, 148, 141, 135, 123, 155, 170, 173, 195, 218, 275, 244, 329, 299, 300
'8-TELEFONICA GUATEMALA', '12-ATEL'     :     2, 0, 2, 0, 1, 1, 16, 40, 70, 82, 85, 78, 72, 88, 73, 69, 49, 69, 81, 59, 53, 51, 46, 32
'8-TELEFONICA GUATEMALA', '19-GUATEL'     :     1, 0, 3, 1, 1, 2, 11, 7, 17, 25, 38, 29, 16, 12, 30, 39, 21, 27, 34, 38, 44, 38, 35, 36
'8-TELEFONICA GUATEMALA', '35-OPERADOR NO DEFINIDO'     :     1, 0, 0, 0, 1, 3, 12, 15, 21, 26, 29, 33, 29, 28, 28, 28, 36, 30, 58, 49, 58, 44, 65, 53
'8-TELEFONICA GUATEMALA', '30-TTELNORTE S.A.'     :     0, 1, 0, 1, 0, 1, 1, 2, 15, 8, 12, 11, 4, 9, 16, 6, 8, 10, 19, 14, 14, 18, 13, 23
'8-TELEFONICA GUATEMALA', '22-UNITEL S.A.'     :     0, 0, 0, 0, 0, 0, 1, 7, 9, 3, 10, 3, 9, 13, 12, 8, 10, 17, 21, 13, 20, 23, 16, 10
'8-TELEFONICA GUATEMALA', '87-A T & T - LOCAL'     :     0, 0, 0, 0, 0, 0, 1, 4, 5, 1, 2, 3, 0, 0, 2, 3, 3, 1, 2, 2, 4, 6, 4, 8
'8-TELEFONICA GUATEMALA', '34-TTISA'     :     0, 0, 0, 0, 0, 0, 0, 2, 1, 1, 2, 7, 2, 9, 3, 5, 4, 7, 14, 7, 11, 6, 8, 4
'8-TELEFONICA GUATEMALA', '26-BNA S.A.'     :     0, 0, 0, 0, 0, 0, 0, 1, 9, 15, 6, 6, 6, 6, 0, 8, 3, 5, 17, 14, 12, 13, 6, 12
'8-TELEFONICA GUATEMALA', '33-OPTEL'     :     0, 0, 0, 0, 0, 0, 0, 0, 8, 7, 3, 6, 4, 2, 2, 2, 5, 7, 8, 7, 8, 2, 12, 2
'8-TELEFONICA GUATEMALA', '31-DESARROLLO'     :     0, 0, 0, 0, 0, 0, 0, 0, 0, 1, 2, 2, 2, 0, 1, 1, 2, 0, 0, 2, 3, 0, 0, 2

dglcalls141217
'Totalcalls', '20141217'     :     20200, 10123, 7082, 7834, 16074, 41842, 124000, 245569, 386371, 476692, 504004, 495171, 522801, 475743, 446676, 451099, 479914, 511987, 528866, 466594, 381404, 294046, 162235, 56999
'8-TELEFONICA GUATEMALA', '8-TELEFONICA GUATEMALA'     :     13369, 6549, 4556, 4791, 9633, 25659, 74038, 136029, 202157, 242993, 254836, 249369, 274981, 252800, 231739, 232023, 249397, 277370, 292656, 264996, 223392, 183209, 108420, 39225
'8-TELEFONICA GUATEMALA', '5-TELGUA S.A.'     :     582, 313, 183, 214, 416, 1317, 4465, 12106, 27455, 38286, 41424, 40535, 39930, 33034, 34537, 35713, 36282, 31996, 27432, 22117, 16255, 10974, 5192, 1652
'8-TELEFONICA GUATEMALA', '11-SERCOM PCS DIGITAL'     :     2653, 1327, 891, 905, 1993, 4873, 15135, 33547, 54747, 69913, 74811, 74635, 76101, 69735, 65746, 66563, 70845, 75125, 77603, 67632, 53941, 39105, 19801, 6644
'8-TELEFONICA GUATEMALA', '9-COMCEL'     :     3546, 1906, 1433, 1909, 3999, 9885, 29865, 62930, 99719, 122317, 129473, 127199, 128339, 117355, 111476, 113582, 120213, 124685, 128995, 110182, 86607, 59966, 28462, 9342
'8-TELEFONICA GUATEMALA', '35-OPERADOR NO DEFINIDO'     :     2, 0, 0, 0, 0, 6, 5, 28, 13, 19, 16, 17, 23, 12, 16, 24, 15, 18, 25, 48, 38, 26, 13, 2
'8-TELEFONICA GUATEMALA', '7-CABLENET S.A.'     :     38, 22, 18, 14, 28, 96, 429, 867, 2112, 2964, 3207, 3180, 3178, 2599, 2830, 2920, 2912, 2545, 1902, 1329, 892, 558, 231, 98
'8-TELEFONICA GUATEMALA', '13-CYBERNET'     :     9, 4, 1, 0, 3, 5, 15, 24, 55, 64, 61, 71, 75, 58, 87, 77, 82, 109, 111, 136, 167, 139, 70, 23
'8-TELEFONICA GUATEMALA', '34-TTISA'     :     1, 0, 0, 0, 0, 0, 0, 0, 0, 4, 8, 2, 3, 1, 2, 3, 3, 1, 2, 3, 0, 0, 0, 0
'8-TELEFONICA GUATEMALA', '12-ATEL'     :     0, 2, 0, 0, 2, 1, 14, 22, 39, 64, 81, 83, 72, 70, 133, 117, 87, 76, 91, 103, 53, 28, 16, 6
'8-TELEFONICA GUATEMALA', '19-GUATEL'     :     0, 0, 0, 1, 0, 0, 4, 6, 35, 42, 42, 35, 58, 45, 35, 33, 39, 27, 25, 22, 27, 22, 12, 3
'8-TELEFONICA GUATEMALA', '30-TTELNORTE S.A.'     :     0, 0, 0, 0, 0, 0, 28, 4, 7, 9, 19, 24, 16, 15, 57, 24, 17, 14, 5, 8, 11, 10, 2, 2
'8-TELEFONICA GUATEMALA', '31-DESARROLLO'     :     0, 0, 0, 0, 0, 0, 1, 0, 4, 0, 3, 1, 2, 0, 2, 0, 1, 0, 0, 0, 3, 0, 1, 1
'8-TELEFONICA GUATEMALA', '26-BNA S.A.'     :     0, 0, 0, 0, 0, 0, 1, 3, 13, 8, 4, 3, 11, 4, 5, 12, 13, 6, 2, 3, 0, 2, 4, 0
'8-TELEFONICA GUATEMALA', '87-A T & T - LOCAL'     :     0, 0, 0, 0, 0, 0, 0, 1, 2, 1, 3, 1, 3, 0, 0, 2, 0, 0, 0, 2, 4, 0, 0, 0
'8-TELEFONICA GUATEMALA', '22-UNITEL S.A.'     :     0, 0, 0, 0, 0, 0, 0, 1, 12, 4, 12, 14, 7, 10, 7, 5, 7, 11, 13, 5, 12, 4, 7, 0
'8-TELEFONICA GUATEMALA', '33-OPTEL'     :     0, 0, 0, 0, 0, 0, 0, 1, 1, 4, 4, 2, 2, 5, 4, 1, 1, 4, 4, 8, 2, 3, 4, 1

dglcalls141210
'Totalcalls', '20141210'     :     18886, 9046, 6140, 6924, 15324, 39186, 118259, 231019, 355757, 439756, 467297, 464327, 488259, 442000, 413144, 426923, 452175, 491681, 495979, 429896, 346788, 256649, 137450, 46376
'8-TELEFONICA GUATEMALA', '8-TELEFONICA GUATEMALA'     :     13298, 5952, 4162, 4323, 9336, 24724, 70951, 127865, 184108, 223003, 236296, 233932, 256089, 237299, 217110, 219431, 235973, 267632, 277625, 246700, 205463, 162592, 93916, 32261
'8-TELEFONICA GUATEMALA', '9-COMCEL'     :     2904, 1667, 1185, 1541, 3750, 8776, 28589, 60019, 93093, 114374, 120688, 119278, 121053, 107259, 102062, 106813, 112429, 120087, 120143, 101002, 77783, 51166, 23145, 7272
'8-TELEFONICA GUATEMALA', '5-TELGUA S.A.'     :     464, 265, 144, 206, 423, 1222, 4430, 11655, 26558, 36793, 39771, 39904, 38238, 31853, 32531, 35311, 34699, 31023, 25591, 20487, 14870, 9477, 4000, 1247
'8-TELEFONICA GUATEMALA', '11-SERCOM PCS DIGITAL'     :     2167, 1130, 635, 839, 1787, 4349, 13875, 30497, 49741, 62636, 67330, 67787, 69452, 62858, 58447, 62151, 65821, 70243, 70624, 60162, 47483, 32641, 16079, 5495
'8-TELEFONICA GUATEMALA', '12-ATEL'     :     3, 0, 0, 0, 0, 0, 12, 29, 74, 78, 118, 81, 91, 70, 107, 139, 97, 113, 138, 108, 103, 32, 6, 1
'8-TELEFONICA GUATEMALA', '7-CABLENET S.A.'     :     34, 30, 14, 14, 27, 105, 372, 894, 2078, 2719, 2956, 3158, 3112, 2507, 2727, 2866, 2987, 2413, 1659, 1158, 832, 538, 196, 73
'8-TELEFONICA GUATEMALA', '87-A T & T - LOCAL'     :     1, 0, 0, 0, 0, 0, 0, 1, 0, 6, 0, 3, 0, 2, 0, 5, 2, 0, 2, 1, 6, 0, 0, 0
'8-TELEFONICA GUATEMALA', '30-TTELNORTE S.A.'     :     1, 1, 0, 0, 0, 0, 1, 3, 7, 16, 10, 20, 13, 16, 11, 15, 11, 7, 10, 14, 20, 6, 3, 3
'8-TELEFONICA GUATEMALA', '13-CYBERNET'     :     12, 0, 0, 1, 1, 4, 11, 23, 36, 45, 59, 86, 94, 72, 68, 90, 89, 89, 109, 187, 157, 141, 78, 21
'8-TELEFONICA GUATEMALA', '19-GUATEL'     :     1, 0, 0, 0, 0, 3, 14, 10, 24, 44, 35, 44, 65, 31, 53, 64, 25, 34, 28, 22, 35, 24, 14, 0
'8-TELEFONICA GUATEMALA', '35-OPERADOR NO DEFINIDO'     :     1, 0, 0, 0, 0, 3, 3, 16, 16, 30, 19, 15, 24, 16, 14, 21, 21, 28, 24, 28, 24, 14, 10, 1
'8-TELEFONICA GUATEMALA', '22-UNITEL S.A.'     :     0, 1, 0, 0, 0, 0, 0, 3, 9, 2, 5, 5, 8, 8, 2, 6, 8, 0, 11, 7, 4, 10, 0, 0
'8-TELEFONICA GUATEMALA', '26-BNA S.A.'     :     0, 0, 0, 0, 0, 0, 1, 2, 4, 5, 4, 12, 16, 8, 6, 5, 10, 6, 6, 6, 2, 0, 2, 1
'8-TELEFONICA GUATEMALA', '34-TTISA'     :     0, 0, 0, 0, 0, 0, 0, 1, 3, 1, 5, 0, 0, 0, 6, 0, 3, 1, 1, 2, 3, 2, 0, 0
'8-TELEFONICA GUATEMALA', '33-OPTEL'     :     0, 0, 0, 0, 0, 0, 0, 1, 4, 2, 1, 2, 4, 1, 0, 6, 0, 4, 8, 8, 3, 6, 1, 0
'8-TELEFONICA GUATEMALA', '31-DESARROLLO'     :     0, 0, 0, 0, 0, 0, 0, 0, 2, 2, 0, 0, 0, 0, 0, 0, 0, 1, 0, 4, 0, 0, 0, 1

dglcalls141126
'Totalcalls', '20141126'     :     19232, 9412, 6462, 7035, 15929, 42957, 125686, 237469, 365142, 446123, 472428, 467590, 499975, 453320, 418560, 428234, 459435, 495962, 493029, 424337, 338217, 242822, 130211, 42430
'8-TELEFONICA GUATEMALA', '9-COMCEL'     :     2952, 1626, 1202, 1517, 3637, 9060, 28120, 57346, 89244, 108854, 114084, 113030, 113569, 103094, 98413, 101821, 108900, 114858, 112728, 95123, 72049, 45909, 20801, 6274
'8-TELEFONICA GUATEMALA', '8-TELEFONICA GUATEMALA'     :     13655, 6341, 4418, 4482, 9945, 27662, 77836, 135826, 196465, 233426, 246232, 242053, 272514, 249110, 221896, 222834, 243633, 275114, 281155, 246613, 203945, 155843, 90327, 29964
'8-TELEFONICA GUATEMALA', '11-SERCOM PCS DIGITAL'     :     2092, 1121, 652, 819, 1854, 4768, 14387, 30979, 50252, 62803, 67651, 67851, 70137, 64245, 60242, 63221, 66560, 71389, 71113, 60510, 46684, 31346, 14980, 4927
'8-TELEFONICA GUATEMALA', '5-TELGUA S.A.'     :     485, 290, 172, 203, 460, 1372, 4933, 12324, 26912, 37980, 40954, 40990, 40110, 33877, 34668, 36931, 36930, 31859, 26037, 20617, 14485, 8966, 3783, 1149
'8-TELEFONICA GUATEMALA', '19-GUATEL'     :     2, 0, 1, 0, 0, 1, 5, 5, 32, 53, 50, 63, 51, 41, 50, 56, 46, 28, 30, 17, 11, 21, 13, 3
'8-TELEFONICA GUATEMALA', '7-CABLENET S.A.'     :     34, 27, 16, 10, 29, 82, 378, 906, 2090, 2853, 3198, 3371, 3372, 2753, 3053, 3115, 3098, 2467, 1689, 1147, 740, 525, 195, 64
'8-TELEFONICA GUATEMALA', '13-CYBERNET'     :     7, 4, 1, 4, 4, 7, 10, 25, 49, 54, 78, 83, 71, 80, 82, 77, 77, 116, 108, 147, 143, 142, 73, 37
'8-TELEFONICA GUATEMALA', '22-UNITEL S.A.'     :     1, 0, 0, 0, 0, 0, 0, 1, 6, 6, 1, 9, 9, 6, 10, 16, 5, 8, 9, 12, 7, 8, 1, 3
'8-TELEFONICA GUATEMALA', '87-A T & T - LOCAL'     :     1, 1, 0, 0, 0, 0, 0, 2, 1, 0, 0, 2, 2, 3, 0, 0, 3, 0, 8, 1, 2, 1, 0, 0
'8-TELEFONICA GUATEMALA', '30-TTELNORTE S.A.'     :     1, 0, 0, 0, 0, 0, 0, 4, 16, 21, 26, 17, 15, 14, 14, 18, 17, 11, 11, 12, 6, 7, 1, 1
'8-TELEFONICA GUATEMALA', '26-BNA S.A.'     :     1, 0, 0, 0, 0, 0, 1, 4, 4, 2, 11, 1, 4, 13, 16, 10, 18, 5, 0, 3, 3, 0, 5, 4
'8-TELEFONICA GUATEMALA', '35-OPERADOR NO DEFINIDO'     :     1, 1, 0, 0, 0, 3, 0, 10, 16, 12, 21, 21, 13, 23, 14, 21, 19, 22, 30, 45, 44, 12, 10, 1
'8-TELEFONICA GUATEMALA', '12-ATEL'     :     0, 1, 0, 0, 0, 2, 10, 31, 52, 54, 116, 91, 104, 58, 97, 111, 120, 79, 107, 78, 87, 39, 22, 1
'8-TELEFONICA GUATEMALA', '34-TTISA'     :     0, 0, 0, 0, 0, 0, 4, 2, 0, 2, 4, 4, 1, 0, 1, 1, 2, 3, 0, 2, 1, 0, 0, 1
'8-TELEFONICA GUATEMALA', '33-OPTEL'     :     0, 0, 0, 0, 0, 0, 1, 1, 3, 2, 2, 4, 2, 1, 4, 2, 7, 2, 4, 7, 8, 3, 0, 1
'8-TELEFONICA GUATEMALA', '31-DESARROLLO'     :     0, 0, 0, 0, 0, 0, 1, 3, 0, 1, 0, 0, 1, 1, 0, 0, 0, 1, 0, 3, 2, 0, 0, 0
'8-TELEFONICA GUATEMALA', '10-AMERICATEL'     :     0, 0, 0, 0, 0, 0, 0, 0, 0, 0, 0, 0, 0, 1, 0, 0, 0, 0, 0, 0, 0, 0, 0, 0

dglcalls150114
'Totalcalls', '20150114'     :     15327, 7644, 5250, 6602, 14430, 39478, 110930, 222639, 343971, 430196, 461000, 454741, 479482, 434128, 414981, 423529, 441363, 460862, 481961, 423454, 342628, 259293, 134978, 44610
'8-TELEFONICA GUATEMALA', '8-TELEFONICA GUATEMALA'     :     10976, 5292, 3574, 4254, 8863, 24884, 68161, 125396, 178791, 220574, 234360, 231010, 254011, 234066, 216946, 218179, 231401, 251941, 270171, 240828, 202726, 165050, 93797, 31741
'8-TELEFONICA GUATEMALA', '11-SERCOM PCS DIGITAL'     :     1646, 862, 549, 686, 1654, 4702, 13268, 29089, 48934, 62276, 68312, 67687, 69658, 63105, 60696, 63708, 65677, 67991, 71426, 62486, 48834, 33850, 15670, 4897
'8-TELEFONICA GUATEMALA', '9-COMCEL'     :     2280, 1269, 953, 1451, 3410, 8334, 24194, 54022, 86025, 106675, 114284, 111725, 113192, 100903, 99225, 101550, 105418, 107520, 112342, 97697, 74899, 50186, 21465, 6600
'8-TELEFONICA GUATEMALA', '5-TELGUA S.A.'     :     396, 209, 158, 185, 467, 1437, 4865, 13029, 27885, 37538, 40741, 40919, 39118, 33242, 35107, 36929, 35647, 30813, 25980, 20963, 15059, 9413, 3721, 1252
'8-TELEFONICA GUATEMALA', '7-CABLENET S.A.'     :     22, 9, 13, 24, 35, 112, 418, 1019, 2178, 2910, 3023, 3146, 3196, 2571, 2744, 2882, 2935, 2374, 1701, 1135, 799, 548, 214, 72
'8-TELEFONICA GUATEMALA', '35-OPERADOR NO DEFINIDO'     :     2, 0, 0, 0, 0, 4, 1, 8, 14, 15, 14, 17, 16, 15, 10, 26, 12, 17, 24, 26, 35, 24, 5, 3
'8-TELEFONICA GUATEMALA', '19-GUATEL'     :     1, 0, 0, 0, 0, 0, 3, 11, 20, 24, 26, 25, 43, 38, 39, 38, 49, 26, 30, 23, 15, 23, 14, 0
'8-TELEFONICA GUATEMALA', '13-CYBERNET'     :     4, 3, 1, 0, 0, 3, 6, 26, 44, 57, 76, 62, 75, 79, 72, 101, 89, 94, 124, 164, 145, 134, 76, 28
'8-TELEFONICA GUATEMALA', '30-TTELNORTE S.A.'     :     0, 0, 2, 1, 0, 0, 3, 3, 16, 24, 21, 20, 11, 10, 12, 5, 11, 9, 11, 5, 12, 3, 0, 1
'8-TELEFONICA GUATEMALA', '12-ATEL'     :     0, 0, 0, 1, 1, 1, 10, 22, 46, 81, 115, 103, 145, 78, 105, 84, 95, 58, 129, 97, 83, 43, 11, 2
'8-TELEFONICA GUATEMALA', '26-BNA S.A.'     :     0, 0, 0, 0, 0, 1, 0, 10, 7, 9, 13, 11, 9, 6, 12, 11, 10, 5, 4, 5, 5, 4, 2, 2
'8-TELEFONICA GUATEMALA', '22-UNITEL S.A.'     :     0, 0, 0, 0, 0, 0, 1, 0, 7, 4, 6, 11, 6, 3, 4, 9, 9, 9, 10, 10, 8, 8, 1, 12
'8-TELEFONICA GUATEMALA', '33-OPTEL'     :     0, 0, 0, 0, 0, 0, 0, 1, 1, 2, 3, 3, 2, 4, 2, 6, 7, 4, 3, 10, 1, 4, 1, 0
'8-TELEFONICA GUATEMALA', '34-TTISA'     :     0, 0, 0, 0, 0, 0, 0, 3, 2, 4, 5, 1, 0, 6, 3, 0, 2, 1, 4, 3, 6, 1, 0, 0
'8-TELEFONICA GUATEMALA', '87-A T & T - LOCAL'     :     0, 0, 0, 0, 0, 0, 0, 0, 1, 3, 0, 1, 0, 2, 4, 0, 0, 0, 2, 1, 1, 1, 0, 0
'8-TELEFONICA GUATEMALA', '31-DESARROLLO'     :     0, 0, 0, 0, 0, 0, 0, 0, 0, 0, 1, 0, 0, 0, 0, 1, 1, 0, 0, 1, 0, 1, 1, 0

dglcallsMieMed
'Totalcalls', 'med'     :     18411, 9056, 6233, 7098, 15439, 40865, 119718, 234174, 362810, 448191, 476182, 470457, 497629, 451297, 423340, 432446, 458221, 490123, 499958, 436070, 352259, 263202, 141218, 47603
'8-TELEFONICA GUATEMALA', '8-TELEFONICA GUATEMALA'     :     12824, 6033, 4177, 4462, 9444, 25732, 72746, 131279, 190380, 229999, 242931, 239091, 264398, 243318, 221922, 223116, 240101, 268014, 280401, 249784, 208881, 166673, 96615, 33297
'8-TELEFONICA GUATEMALA', '5-TELGUA S.A.'     :     481, 269, 164, 202, 441, 1337, 4673, 12278, 27202, 37649, 40722, 40587, 39349, 33001, 34210, 36221, 35889, 31422, 26260, 21046, 15167, 9707, 4174, 1325
'8-TELEFONICA GUATEMALA', '11-SERCOM PCS DIGITAL'     :     2139, 1110, 681, 812, 1822, 4673, 14166, 31028, 50918, 64407, 69526, 69490, 71337, 64985, 61282, 63910, 67225, 71187, 72691, 62697, 49235, 34235, 16632, 5490
'8-TELEFONICA GUATEMALA', '9-COMCEL'     :     2920, 1617, 1193, 1604, 3699, 9013, 27692, 58579, 92020, 113055, 119632, 117808, 119038, 107152, 102794, 105941, 111740, 116787, 118552, 101001, 77834, 51806, 23468, 7372
'8-TELEFONICA GUATEMALA', '35-OPERADOR NO DEFINIDO'     :     1, 0, 0, 0, 0, 4, 2, 15, 14, 19, 17, 17, 19, 16, 13, 23, 16, 21, 25, 36, 35, 19, 9, 1
'8-TELEFONICA GUATEMALA', '7-CABLENET S.A.'     :     32, 22, 15, 15, 29, 98, 399, 921, 2114, 2861, 3096, 3213, 3214, 2607, 2838, 2945, 2983, 2449, 1737, 1192, 815, 542, 209, 76
'8-TELEFONICA GUATEMALA', '13-CYBERNET'     :     8, 2, 0, 1, 2, 4, 10, 24, 46, 55, 68, 75, 78, 72, 77, 86, 84, 102, 113, 158, 153, 139, 74, 27
'8-TELEFONICA GUATEMALA', '34-TTISA'     :     0, 0, 0, 0, 0, 0, 1, 1, 1, 2, 5, 1, 1, 1, 3, 1, 2, 1, 1, 2, 2, 0, 0, 0
'8-TELEFONICA GUATEMALA', '12-ATEL'     :     0, 0, 0, 0, 0, 1, 11, 26, 52, 69, 107, 89, 103, 69, 110, 112, 99, 81, 116, 96, 81, 35, 13, 2
'8-TELEFONICA GUATEMALA', '19-GUATEL'     :     1, 0, 0, 0, 0, 1, 6, 8, 27, 40, 38, 41, 54, 38, 44, 47, 39, 28, 28, 21, 22, 22, 13, 1
'8-TELEFONICA GUATEMALA', '30-TTELNORTE S.A.'     :     0, 0, 0, 0, 0, 0, 8, 3, 11, 17, 19, 20, 13, 13, 23, 15, 14, 10, 9, 9, 12, 6, 1, 1
'8-TELEFONICA GUATEMALA', '31-DESARROLLO'     :     0, 0, 0, 0, 0, 0, 0, 0, 1, 0, 1, 0, 0, 0, 0, 0, 0, 0, 0, 2, 1, 0, 0, 0
'8-TELEFONICA GUATEMALA', '26-BNA S.A.'     :     0, 0, 0, 0, 0, 0, 0, 4, 7, 6, 8, 6, 10, 7, 9, 9, 12, 5, 3, 4, 2, 1, 3, 1
'8-TELEFONICA GUATEMALA', '87-A T & T - LOCAL'     :     0, 0, 0, 0, 0, 0, 0, 1, 1, 2, 0, 1, 1, 1, 1, 1, 1, 0, 3, 1, 3, 0, 0, 0
'8-TELEFONICA GUATEMALA', '22-UNITEL S.A.'     :     0, 0, 0, 0, 0, 0, 0, 1, 8, 4, 6, 9, 7, 6, 5, 9, 7, 7, 10, 8, 7, 7, 2, 3
'8-TELEFONICA GUATEMALA', '33-OPTEL'     :     0, 0, 0, 0, 0, 0, 0, 1, 2, 2, 2, 2, 2, 2, 2, 3, 3, 3, 4, 8, 3, 4, 1, 0
'8-TELEFONICA GUATEMALA', '10-AMERICATEL'     :     0, 0, 0, 0, 0, 0, 0, 0, 0, 0, 0, 0, 0, 0, 0, 0, 0, 0, 0, 0, 0, 0, 0, 0
