dglsms141231
'Totalsms', '20141231'     :     92758, 42641, 16781, 13932, 21123, 40194, 248978, 370334, 721407, 781121, 634863, 800936, 697972, 631914, 469307, 772161, 774151, 730725, 744757, 706772, 698013, 717769, 784356, 835961
'8-TELEFONICA GUATEMALA', '8-TELEFONICA GUATEMALA'     :     63739, 32311, 11485, 9671, 14174, 27022, 217749, 307344, 618247, 651444, 490550, 640548, 537527, 471889, 314006, 611904, 607077, 550413, 519215, 442358, 407021, 394793, 426542, 436219
'8-TELEFONICA GUATEMALA', '11-SERCOM PCS DIGITAL'     :     11351, 3780, 1929, 1096, 1828, 3640, 9294, 19569, 30637, 38882, 41873, 44496, 45527, 45509, 44204, 46361, 49053, 52714, 67187, 77360, 87236, 96302, 109458, 135023
'8-TELEFONICA GUATEMALA', '9-COMCEL'     :     17467, 6388, 3352, 3120, 5096, 9476, 21778, 43193, 72127, 90374, 101962, 115092, 114401, 113940, 110583, 113395, 117501, 126727, 157581, 186186, 202802, 225702, 247222, 263383
'8-TELEFONICA GUATEMALA', '7-CABLENET S.A.'     :     9, 17, 0, 0, 2, 2, 13, 13, 28, 49, 21, 19, 26, 30, 42, 24, 30, 45, 54, 40, 41, 42, 72, 48
'8-TELEFONICA GUATEMALA', '5-TELGUA S.A.'     :     186, 144, 15, 44, 20, 54, 137, 186, 344, 351, 450, 767, 472, 536, 442, 432, 453, 782, 690, 772, 870, 854, 987, 1182
'8-TELEFONICA GUATEMALA', '30-TTELNORTE S.A.'     :     2, 0, 0, 0, 0, 0, 0, 0, 0, 0, 0, 0, 0, 0, 2, 4, 3, 4, 1, 1, 2, 2, 4, 17
'8-TELEFONICA GUATEMALA', '34-TTISA'     :     3, 0, 0, 0, 0, 0, 0, 0, 0, 1, 0, 0, 0, 0, 0, 0, 0, 2, 1, 4, 0, 0, 1, 0
'8-TELEFONICA GUATEMALA', '13-CYBERNET'     :     1, 0, 0, 0, 0, 0, 0, 1, 1, 0, 0, 0, 0, 1, 1, 0, 0, 6, 1, 4, 2, 3, 9, 4
'8-TELEFONICA GUATEMALA', '19-GUATEL'     :     0, 1, 0, 0, 3, 0, 3, 13, 11, 11, 4, 0, 1, 2, 10, 15, 18, 0, 8, 27, 9, 5, 7, 20
'8-TELEFONICA GUATEMALA', '35-OPERADOR NO DEFINIDO'     :     0, 0, 0, 1, 0, 0, 0, 11, 3, 4, 1, 5, 12, 3, 11, 23, 8, 7, 5, 18, 10, 29, 19, 28
'8-TELEFONICA GUATEMALA', '33-OPTEL'     :     0, 0, 0, 0, 0, 0, 4, 0, 0, 0, 2, 3, 1, 0, 1, 0, 0, 0, 1, 1, 2, 29, 2, 7
'8-TELEFONICA GUATEMALA', '12-ATEL'     :     0, 0, 0, 0, 0, 0, 0, 4, 2, 5, 0, 4, 0, 0, 3, 1, 7, 19, 3, 0, 3, 2, 30, 20
'8-TELEFONICA GUATEMALA', '26-BNA S.A.'     :     0, 0, 0, 0, 0, 0, 0, 0, 1, 0, 0, 0, 0, 0, 0, 0, 0, 0, 2, 0, 4, 0, 2, 0
'8-TELEFONICA GUATEMALA', '31-DESARROLLO'     :     0, 0, 0, 0, 0, 0, 0, 0, 1, 0, 0, 0, 0, 0, 0, 0, 0, 0, 0, 0, 0, 0, 0, 1
'8-TELEFONICA GUATEMALA', '22-UNITEL S.A.'     :     0, 0, 0, 0, 0, 0, 0, 0, 5, 0, 0, 2, 5, 4, 2, 0, 1, 4, 5, 1, 11, 2, 0, 7
'8-TELEFONICA GUATEMALA', '87-A T & T - LOCAL'     :     0, 0, 0, 0, 0, 0, 0, 0, 0, 0, 0, 0, 0, 0, 0, 2, 0, 2, 3, 0, 0, 4, 1, 2

dglsms141224
'Totalsms', '20141224'     :     82819, 32305, 21153, 14295, 22279, 45381, 261969, 433038, 550166, 580294, 784834, 833426, 726430, 786312, 463783, 726479, 547834, 1061014, 857897, 705509, 715726, 726261, 777445, 858034
'8-TELEFONICA GUATEMALA', '8-TELEFONICA GUATEMALA'     :     52379, 21530, 15816, 9624, 15229, 31365, 225209, 365380, 442599, 456621, 647123, 683202, 600055, 633141, 319320, 579477, 393691, 890327, 644570, 443596, 420985, 400759, 414639, 453379
'8-TELEFONICA GUATEMALA', '9-COMCEL'     :     19214, 6846, 3768, 3353, 5376, 10206, 25287, 45447, 74784, 86308, 97101, 108977, 84237, 112261, 101841, 103656, 109160, 119718, 148810, 183339, 207040, 227209, 249572, 266272
'8-TELEFONICA GUATEMALA', '11-SERCOM PCS DIGITAL'     :     11044, 3814, 1521, 1296, 1646, 3768, 11263, 21703, 32175, 36846, 39985, 40066, 41183, 40383, 41979, 42711, 44283, 50140, 63736, 77633, 86606, 97226, 111970, 136974
'8-TELEFONICA GUATEMALA', '5-TELGUA S.A.'     :     124, 102, 41, 22, 27, 37, 183, 433, 529, 428, 568, 1130, 906, 468, 564, 582, 617, 721, 715, 877, 972, 957, 1150, 1271
'8-TELEFONICA GUATEMALA', '35-OPERADOR NO DEFINIDO'     :     51, 10, 0, 0, 0, 3, 7, 18, 23, 36, 11, 17, 18, 9, 12, 8, 19, 70, 17, 17, 28, 17, 17, 42
'8-TELEFONICA GUATEMALA', '7-CABLENET S.A.'     :     7, 2, 7, 0, 0, 1, 7, 51, 48, 28, 11, 20, 17, 36, 36, 15, 50, 13, 28, 35, 41, 43, 52, 44
'8-TELEFONICA GUATEMALA', '19-GUATEL'     :     0, 1, 0, 0, 0, 1, 7, 2, 0, 11, 1, 5, 7, 6, 21, 2, 3, 4, 3, 3, 14, 22, 16, 10
'8-TELEFONICA GUATEMALA', '13-CYBERNET'     :     0, 0, 0, 0, 1, 0, 0, 1, 1, 1, 1, 1, 3, 2, 1, 10, 0, 0, 1, 0, 11, 6, 10, 4
'8-TELEFONICA GUATEMALA', '12-ATEL'     :     0, 0, 0, 0, 0, 0, 3, 1, 5, 0, 5, 0, 1, 0, 1, 9, 8, 4, 2, 1, 5, 0, 2, 23
'8-TELEFONICA GUATEMALA', '22-UNITEL S.A.'     :     0, 0, 0, 0, 0, 0, 3, 0, 0, 12, 22, 3, 0, 1, 5, 7, 3, 1, 1, 4, 2, 6, 6, 4
'8-TELEFONICA GUATEMALA', '30-TTELNORTE S.A.'     :     0, 0, 0, 0, 0, 0, 0, 2, 0, 2, 5, 4, 0, 2, 0, 1, 0, 2, 3, 0, 6, 7, 4, 6
'8-TELEFONICA GUATEMALA', '33-OPTEL'     :     0, 0, 0, 0, 0, 0, 0, 0, 2, 1, 0, 1, 0, 3, 0, 1, 0, 1, 1, 0, 1, 1, 3, 2
'8-TELEFONICA GUATEMALA', '87-A T & T - LOCAL'     :     0, 0, 0, 0, 0, 0, 0, 0, 0, 0, 1, 0, 0, 0, 0, 0, 0, 6, 0, 0, 7, 6, 3, 1
'8-TELEFONICA GUATEMALA', '26-BNA S.A.'     :     0, 0, 0, 0, 0, 0, 0, 0, 0, 0, 0, 0, 3, 0, 0, 0, 0, 6, 9, 1, 8, 2, 1, 2
'8-TELEFONICA GUATEMALA', '34-TTISA'     :     0, 0, 0, 0, 0, 0, 0, 0, 0, 0, 0, 0, 0, 0, 3, 0, 0, 1, 1, 3, 0, 0, 0, 0

dglsms141217
'Totalsms', '20141217'     :     64289, 33530, 17947, 10711, 18589, 41689, 296680, 358742, 419233, 601922, 528747, 729363, 725842, 643684, 424051, 535449, 491426, 515261, 652243, 552248, 553415, 541184, 403002, 177744
'8-TELEFONICA GUATEMALA', '8-TELEFONICA GUATEMALA'     :     42179, 26563, 14421, 7375, 12778, 27959, 260843, 295838, 321459, 482208, 401282, 585289, 575519, 506407, 287758, 400938, 349486, 363891, 473300, 351981, 332988, 309497, 230015, 108156
'8-TELEFONICA GUATEMALA', '11-SERCOM PCS DIGITAL'     :     8313, 2651, 1041, 787, 1419, 3784, 10402, 20010, 30839, 37555, 39197, 40563, 42297, 40895, 41738, 40980, 43225, 45448, 51945, 56641, 62441, 66063, 47558, 23486
'8-TELEFONICA GUATEMALA', '9-COMCEL'     :     13689, 4276, 2475, 2542, 4372, 9914, 25276, 42633, 66434, 81573, 87782, 102963, 106837, 95739, 93984, 92976, 98007, 105144, 126275, 142848, 157100, 164834, 124654, 45800
'8-TELEFONICA GUATEMALA', '5-TELGUA S.A.'     :     97, 24, 10, 7, 16, 30, 140, 192, 431, 511, 446, 494, 1115, 540, 514, 504, 650, 693, 633, 699, 789, 666, 672, 252
'8-TELEFONICA GUATEMALA', '7-CABLENET S.A.'     :     10, 14, 0, 0, 0, 0, 6, 27, 41, 21, 12, 39, 32, 82, 42, 14, 13, 21, 18, 34, 51, 41, 40, 28
'8-TELEFONICA GUATEMALA', '35-OPERADOR NO DEFINIDO'     :     1, 0, 0, 0, 0, 0, 2, 27, 14, 6, 2, 3, 35, 11, 9, 23, 30, 42, 27, 33, 21, 38, 27, 4
'8-TELEFONICA GUATEMALA', '12-ATEL'     :     0, 2, 0, 0, 0, 0, 1, 0, 0, 4, 2, 0, 1, 0, 0, 1, 2, 2, 2, 4, 0, 0, 9, 3
'8-TELEFONICA GUATEMALA', '13-CYBERNET'     :     0, 0, 0, 0, 4, 0, 0, 0, 1, 2, 3, 2, 1, 0, 0, 7, 7, 3, 4, 1, 2, 2, 1, 0
'8-TELEFONICA GUATEMALA', '33-OPTEL'     :     0, 0, 0, 0, 0, 2, 0, 2, 0, 1, 1, 1, 0, 4, 1, 1, 0, 1, 2, 1, 5, 2, 4, 2
'8-TELEFONICA GUATEMALA', '19-GUATEL'     :     0, 0, 0, 0, 0, 0, 3, 12, 6, 36, 12, 2, 3, 3, 0, 1, 4, 6, 29, 5, 7, 14, 3, 8
'8-TELEFONICA GUATEMALA', '30-TTELNORTE S.A.'     :     0, 0, 0, 0, 0, 0, 1, 0, 3, 3, 0, 2, 0, 0, 2, 0, 0, 0, 0, 0, 0, 1, 2, 2
'8-TELEFONICA GUATEMALA', '22-UNITEL S.A.'     :     0, 0, 0, 0, 0, 0, 5, 1, 4, 2, 2, 4, 1, 2, 2, 3, 2, 9, 8, 1, 9, 10, 6, 3
'8-TELEFONICA GUATEMALA', '87-A T & T - LOCAL'     :     0, 0, 0, 0, 0, 0, 1, 0, 0, 0, 5, 0, 0, 0, 1, 1, 0, 1, 0, 0, 2, 0, 0, 0
'8-TELEFONICA GUATEMALA', '31-DESARROLLO'     :     0, 0, 0, 0, 0, 0, 0, 0, 1, 0, 0, 0, 1, 0, 0, 0, 0, 0, 0, 0, 0, 0, 0, 0
'8-TELEFONICA GUATEMALA', '34-TTISA'     :     0, 0, 0, 0, 0, 0, 0, 0, 0, 0, 1, 1, 0, 0, 0, 0, 0, 0, 0, 0, 0, 0, 0, 0
'8-TELEFONICA GUATEMALA', '26-BNA S.A.'     :     0, 0, 0, 0, 0, 0, 0, 0, 0, 0, 0, 0, 0, 1, 0, 0, 0, 0, 0, 0, 0, 16, 11, 0

dglsms141210
'Totalsms', '20141210'     :     63943, 33799, 17566, 10487, 18285, 42408, 300780, 349307, 491901, 501731, 505669, 429431, 587317, 628485, 743604, 798112, 478719, 789850, 583299, 597420, 518398, 515375, 352604, 158470
'8-TELEFONICA GUATEMALA', '8-TELEFONICA GUATEMALA'     :     43853, 26406, 14375, 7109, 13031, 28716, 265905, 286661, 396597, 386454, 378661, 292495, 445474, 497613, 616400, 670150, 345331, 645418, 408134, 403588, 317770, 293868, 203194, 86748
'8-TELEFONICA GUATEMALA', '11-SERCOM PCS DIGITAL'     :     7864, 2622, 947, 814, 1377, 3917, 10689, 20234, 29981, 36161, 37473, 36607, 39659, 41165, 39922, 40387, 41608, 41497, 50924, 55138, 60245, 62432, 44840, 20694
'8-TELEFONICA GUATEMALA', '9-COMCEL'     :     12016, 4667, 2212, 2554, 3846, 9719, 24075, 42167, 64914, 78771, 88890, 99331, 101218, 89266, 86751, 87082, 91158, 102256, 123579, 137874, 139626, 158388, 103929, 50841
'8-TELEFONICA GUATEMALA', '5-TELGUA S.A.'     :     193, 47, 10, 10, 22, 46, 97, 193, 386, 298, 606, 926, 918, 411, 493, 440, 554, 553, 577, 754, 687, 605, 563, 171
'8-TELEFONICA GUATEMALA', '7-CABLENET S.A.'     :     14, 5, 0, 0, 0, 4, 10, 30, 12, 34, 23, 31, 33, 14, 10, 23, 47, 86, 59, 23, 23, 18, 12, 5
'8-TELEFONICA GUATEMALA', '19-GUATEL'     :     0, 1, 0, 0, 0, 0, 0, 2, 1, 6, 5, 10, 1, 4, 4, 11, 6, 15, 10, 10, 7, 7, 17, 3
'8-TELEFONICA GUATEMALA', '35-OPERADOR NO DEFINIDO'     :     3, 51, 22, 0, 4, 2, 0, 16, 6, 5, 2, 14, 10, 11, 19, 11, 9, 22, 7, 22, 32, 48, 12, 2
'8-TELEFONICA GUATEMALA', '13-CYBERNET'     :     0, 0, 0, 0, 5, 3, 0, 0, 2, 1, 0, 6, 1, 1, 1, 6, 4, 2, 4, 5, 4, 1, 6, 2
'8-TELEFONICA GUATEMALA', '22-UNITEL S.A.'     :     0, 0, 0, 0, 0, 1, 3, 2, 0, 1, 1, 3, 0, 0, 1, 1, 0, 0, 2, 0, 2, 0, 2, 0
'8-TELEFONICA GUATEMALA', '26-BNA S.A.'     :     0, 0, 0, 0, 0, 0, 1, 0, 0, 0, 0, 0, 0, 0, 0, 0, 0, 0, 0, 0, 0, 0, 0, 0
'8-TELEFONICA GUATEMALA', '87-A T & T - LOCAL'     :     0, 0, 0, 0, 0, 0, 0, 1, 0, 0, 0, 0, 0, 0, 0, 0, 0, 0, 0, 0, 0, 1, 0, 0
'8-TELEFONICA GUATEMALA', '33-OPTEL'     :     0, 0, 0, 0, 0, 0, 0, 1, 0, 0, 6, 5, 0, 0, 1, 1, 2, 0, 2, 4, 0, 0, 0, 0
'8-TELEFONICA GUATEMALA', '12-ATEL'     :     0, 0, 0, 0, 0, 0, 0, 0, 2, 0, 0, 2, 3, 0, 0, 0, 0, 0, 1, 1, 1, 0, 24, 4
'8-TELEFONICA GUATEMALA', '30-TTELNORTE S.A.'     :     0, 0, 0, 0, 0, 0, 0, 0, 0, 0, 2, 1, 0, 0, 0, 0, 0, 1, 0, 0, 1, 7, 5, 0
'8-TELEFONICA GUATEMALA', '34-TTISA'     :     0, 0, 0, 0, 0, 0, 0, 0, 0, 0, 0, 0, 0, 0, 2, 0, 0, 0, 0, 0, 0, 0, 0, 0
'8-TELEFONICA GUATEMALA', '10-AMERICATEL'     :     0, 0, 0, 0, 0, 0, 0, 0, 0, 0, 0, 0, 0, 0, 0, 0, 0, 0, 0, 1, 0, 0, 0, 0

dglsms141126
'Totalsms', '20141126'     :     95299, 52704, 35200, 26001, 39260, 77619, 342797, 441876, 648101, 781345, 851215, 767268, 985899, 1077403, 708059, 638785, 617152, 694629, 816936, 750805, 751280, 702066, 490350, 205546
'8-TELEFONICA GUATEMALA', '9-COMCEL'     :     15510, 5455, 3529, 3327, 5776, 14041, 37554, 65440, 99447, 122305, 138757, 145141, 147139, 137497, 132653, 131259, 135876, 150215, 179977, 204835, 221347, 215839, 141514, 48574
'8-TELEFONICA GUATEMALA', '8-TELEFONICA GUATEMALA'     :     70111, 44189, 30009, 21560, 31568, 57697, 288085, 343079, 500236, 600629, 653373, 558520, 774654, 877510, 514075, 448653, 418490, 475659, 563763, 460371, 435800, 394619, 282719, 128537
'8-TELEFONICA GUATEMALA', '11-SERCOM PCS DIGITAL'     :     9447, 2978, 1589, 1051, 1822, 5794, 16891, 32811, 47580, 57569, 58321, 62371, 62845, 61562, 60481, 57946, 61933, 67607, 71865, 84273, 92596, 90294, 65335, 28098
'8-TELEFONICA GUATEMALA', '5-TELGUA S.A.'     :     181, 33, 13, 16, 54, 71, 183, 477, 769, 787, 708, 1173, 1165, 728, 786, 836, 761, 1055, 1174, 1156, 1365, 1171, 696, 314
'8-TELEFONICA GUATEMALA', '7-CABLENET S.A.'     :     37, 48, 46, 44, 38, 14, 47, 35, 41, 28, 22, 30, 64, 52, 38, 59, 50, 35, 62, 57, 58, 62, 34, 16
'8-TELEFONICA GUATEMALA', '35-OPERADOR NO DEFINIDO'     :     13, 0, 13, 2, 0, 1, 0, 17, 14, 3, 13, 10, 8, 5, 9, 4, 5, 20, 37, 32, 27, 38, 9, 1
'8-TELEFONICA GUATEMALA', '19-GUATEL'     :     0, 1, 0, 1, 1, 0, 1, 2, 4, 2, 9, 5, 15, 4, 0, 4, 10, 18, 8, 23, 11, 5, 0, 0
'8-TELEFONICA GUATEMALA', '30-TTELNORTE S.A.'     :     0, 0, 1, 0, 0, 0, 15, 2, 0, 1, 0, 0, 2, 3, 1, 4, 1, 0, 40, 8, 21, 2, 1, 0
'8-TELEFONICA GUATEMALA', '22-UNITEL S.A.'     :     0, 0, 0, 0, 1, 0, 5, 3, 0, 2, 2, 5, 1, 3, 2, 10, 7, 1, 3, 11, 2, 5, 0, 1
'8-TELEFONICA GUATEMALA', '13-CYBERNET'     :     0, 0, 0, 0, 0, 1, 6, 3, 0, 0, 7, 5, 2, 1, 2, 3, 9, 12, 5, 4, 10, 6, 4, 0
'8-TELEFONICA GUATEMALA', '34-TTISA'     :     0, 0, 0, 0, 0, 0, 3, 2, 1, 4, 0, 2, 0, 29, 1, 7, 0, 0, 0, 18, 11, 5, 0, 0
'8-TELEFONICA GUATEMALA', '12-ATEL'     :     0, 0, 0, 0, 0, 0, 6, 0, 1, 8, 2, 3, 0, 3, 4, 0, 1, 4, 0, 3, 9, 3, 22, 5
'8-TELEFONICA GUATEMALA', '33-OPTEL'     :     0, 0, 0, 0, 0, 0, 1, 5, 6, 2, 0, 0, 4, 2, 2, 0, 6, 3, 2, 3, 22, 0, 0, 0
'8-TELEFONICA GUATEMALA', '87-A T & T - LOCAL'     :     0, 0, 0, 0, 0, 0, 0, 0, 2, 4, 1, 0, 0, 3, 5, 0, 3, 0, 0, 0, 0, 0, 0, 0
'8-TELEFONICA GUATEMALA', '26-BNA S.A.'     :     0, 0, 0, 0, 0, 0, 0, 0, 0, 1, 0, 3, 0, 1, 0, 0, 0, 0, 0, 1, 1, 17, 16, 0
'8-TELEFONICA GUATEMALA', '31-DESARROLLO'     :     0, 0, 0, 0, 0, 0, 0, 0, 0, 0, 0, 0, 0, 0, 0, 0, 0, 0, 0, 3, 0, 0, 0, 0
'8-TELEFONICA GUATEMALA', '10-AMERICATEL'     :     0, 0, 0, 0, 0, 0, 0, 0, 0, 0, 0, 0, 0, 0, 0, 0, 0, 0, 0, 7, 0, 0, 0, 0

dglsms150114
'Totalsms', '20150114'     :     59474, 24671, 9163, 9584, 16143, 41560, 373649, 356895, 387402, 730449, 607217, 547406, 509535, 503267, 472215, 473128, 401214, 494968, 582380, 525822, 520146, 499427, 366733, 155090
'8-TELEFONICA GUATEMALA', '11-SERCOM PCS DIGITAL'     :     5586, 1542, 770, 887, 1384, 4061, 10308, 19137, 27319, 33408, 36860, 35895, 37996, 38432, 38648, 36881, 38127, 42478, 49383, 55527, 59006, 60875, 48399, 20600
'8-TELEFONICA GUATEMALA', '8-TELEFONICA GUATEMALA'     :     42615, 19188, 5939, 5996, 10625, 28192, 340905, 297631, 296894, 621853, 484695, 409513, 369835, 374751, 348038, 347654, 271758, 356064, 416626, 333733, 310679, 280574, 201108, 94003
'8-TELEFONICA GUATEMALA', '9-COMCEL'     :     11197, 3905, 2445, 2677, 4119, 9252, 22315, 39868, 62710, 74677, 85180, 101368, 101040, 89400, 85020, 88017, 90828, 95822, 115829, 135934, 149670, 157413, 116587, 40202
'8-TELEFONICA GUATEMALA', '5-TELGUA S.A.'     :     59, 36, 9, 24, 14, 44, 98, 227, 424, 468, 448, 590, 638, 650, 453, 534, 454, 569, 492, 561, 703, 491, 535, 235
'8-TELEFONICA GUATEMALA', '7-CABLENET S.A.'     :     4, 0, 0, 0, 0, 1, 14, 26, 33, 18, 16, 18, 17, 22, 28, 24, 25, 16, 33, 16, 34, 42, 45, 16
'8-TELEFONICA GUATEMALA', '35-OPERADOR NO DEFINIDO'     :     12, 0, 0, 0, 0, 5, 2, 1, 18, 12, 9, 14, 4, 1, 14, 4, 12, 3, 7, 28, 9, 8, 12, 6
'8-TELEFONICA GUATEMALA', '19-GUATEL'     :     1, 0, 0, 0, 0, 0, 0, 0, 1, 3, 3, 0, 1, 2, 3, 2, 4, 10, 5, 4, 3, 13, 20, 1
'8-TELEFONICA GUATEMALA', '13-CYBERNET'     :     0, 0, 0, 0, 1, 0, 0, 0, 0, 0, 0, 1, 0, 1, 0, 0, 0, 1, 0, 5, 12, 4, 1, 1
'8-TELEFONICA GUATEMALA', '34-TTISA'     :     0, 0, 0, 0, 0, 5, 2, 0, 0, 0, 0, 3, 0, 0, 0, 2, 0, 0, 0, 3, 3, 0, 0, 1
'8-TELEFONICA GUATEMALA', '22-UNITEL S.A.'     :     0, 0, 0, 0, 0, 0, 3, 0, 1, 1, 0, 1, 0, 0, 0, 1, 2, 0, 1, 1, 2, 1, 3, 1
'8-TELEFONICA GUATEMALA', '87-A T & T - LOCAL'     :     0, 0, 0, 0, 0, 0, 1, 0, 0, 0, 0, 1, 0, 0, 3, 4, 1, 0, 0, 7, 8, 0, 0, 0
'8-TELEFONICA GUATEMALA', '12-ATEL'     :     0, 0, 0, 0, 0, 0, 1, 5, 1, 4, 1, 2, 3, 7, 3, 0, 1, 4, 2, 2, 0, 6, 21, 24
'8-TELEFONICA GUATEMALA', '26-BNA S.A.'     :     0, 0, 0, 0, 0, 0, 0, 0, 1, 1, 2, 0, 0, 0, 1, 0, 1, 0, 0, 0, 0, 0, 0, 0
'8-TELEFONICA GUATEMALA', '33-OPTEL'     :     0, 0, 0, 0, 0, 0, 0, 0, 0, 4, 3, 0, 0, 0, 2, 0, 0, 1, 0, 1, 16, 0, 2, 0
'8-TELEFONICA GUATEMALA', '30-TTELNORTE S.A.'     :     0, 0, 0, 0, 0, 0, 0, 0, 0, 0, 0, 0, 1, 1, 2, 5, 1, 0, 2, 0, 0, 0, 0, 0
'8-TELEFONICA GUATEMALA', '31-DESARROLLO'     :     0, 0, 0, 0, 0, 0, 0, 0, 0, 0, 0, 0, 0, 0, 0, 0, 0, 0, 0, 0, 1, 0, 0, 0
Nueva linea
dglsmsMieMed
'Totalsms', 'med'     :     70751, 36176, 19969, 14195, 23069, 50819, 328476, 376705, 486659, 653861, 623212, 618367, 702148, 713209, 586982, 611368, 497127, 623677, 658714, 606573, 585809, 564513, 403172, 174212
'8-TELEFONICA GUATEMALA', '8-TELEFONICA GUATEMALA'     :     49689, 29086, 16186, 10510, 17000, 35641, 288934, 305802, 378796, 522786, 479502, 461454, 541370, 564070, 441567, 466848, 346266, 460258, 465455, 387418, 349309, 319639, 229259, 104361
'8-TELEFONICA GUATEMALA', '11-SERCOM PCS DIGITAL'     :     7802, 2448, 1086, 884, 1500, 4389, 12072, 23048, 33929, 41173, 42962, 43859, 45699, 45513, 45197, 44048, 46223, 49257, 56029, 62894, 68572, 69916, 51533, 23219
'8-TELEFONICA GUATEMALA', '9-COMCEL'     :     13103, 4575, 2665, 2775, 4528, 10731, 27305, 47527, 73376, 89331, 100152, 112200, 114058, 102975, 99602, 99833, 103967, 113359, 136415, 155372, 166935, 174118, 121671, 46354
'8-TELEFONICA GUATEMALA', '5-TELGUA S.A.'     :     132, 35, 10, 14, 26, 47, 129, 272, 502, 516, 552, 795, 959, 582, 561, 578, 604, 717, 719, 792, 886, 733, 616, 243
'8-TELEFONICA GUATEMALA', '7-CABLENET S.A.'     :     16, 16, 11, 11, 9, 4, 19, 29, 31, 25, 18, 29, 36, 42, 29, 30, 33, 39, 43, 32, 41, 40, 32, 16
'8-TELEFONICA GUATEMALA', '35-OPERADOR NO DEFINIDO'     :     7, 12, 8, 0, 1, 2, 1, 15, 13, 6, 6, 10, 14, 7, 12, 10, 14, 21, 19, 28, 22, 33, 15, 3
'8-TELEFONICA GUATEMALA', '12-ATEL'     :     0, 0, 0, 0, 0, 0, 2, 1, 1, 4, 1, 1, 1, 2, 1, 0, 1, 2, 1, 2, 2, 2, 19, 9
'8-TELEFONICA GUATEMALA', '13-CYBERNET'     :     0, 0, 0, 0, 2, 1, 1, 0, 0, 0, 2, 3, 1, 0, 0, 4, 5, 4, 3, 3, 7, 3, 3, 0
'8-TELEFONICA GUATEMALA', '33-OPTEL'     :     0, 0, 0, 0, 0, 0, 0, 2, 1, 1, 2, 1, 1, 1, 1, 0, 2, 1, 1, 2, 10, 0, 1, 0
'8-TELEFONICA GUATEMALA', '19-GUATEL'     :     0, 0, 0, 0, 0, 0, 1, 4, 3, 11, 7, 4, 5, 3, 1, 4, 6, 12, 13, 10, 7, 9, 10, 3
'8-TELEFONICA GUATEMALA', '30-TTELNORTE S.A.'     :     0, 0, 0, 0, 0, 0, 4, 0, 0, 1, 0, 0, 0, 1, 1, 2, 0, 0, 10, 2, 5, 2, 2, 0
'8-TELEFONICA GUATEMALA', '22-UNITEL S.A.'     :     0, 0, 0, 0, 0, 0, 4, 1, 1, 1, 1, 3, 0, 1, 1, 3, 2, 2, 3, 3, 3, 4, 2, 1
'8-TELEFONICA GUATEMALA', '87-A T & T - LOCAL'     :     0, 0, 0, 0, 0, 0, 0, 0, 0, 1, 1, 0, 0, 0, 2, 1, 1, 0, 0, 1, 2, 0, 0, 0
'8-TELEFONICA GUATEMALA', '31-DESARROLLO'     :     0, 0, 0, 0, 0, 0, 0, 0, 0, 0, 0, 0, 0, 0, 0, 0, 0, 0, 0, 0, 0, 0, 0, 0
'8-TELEFONICA GUATEMALA', '34-TTISA'     :     0, 0, 0, 0, 0, 1, 1, 0, 0, 1, 0, 1, 0, 7, 0, 2, 0, 0, 0, 5, 3, 1, 0, 0
'8-TELEFONICA GUATEMALA', '26-BNA S.A.'     :     0, 0, 0, 0, 0, 0, 0, 0, 0, 0, 0, 0, 0, 0, 0, 0, 0, 0, 0, 0, 0, 8, 6, 0
'8-TELEFONICA GUATEMALA', '10-AMERICATEL'     :     0, 0, 0, 0, 0, 0, 0, 0, 0, 0, 0, 0, 0, 0, 0, 0, 0, 0, 0, 2, 0, 0, 0, 0